200 176750
1 0.0100
101 100.0000


1 # 199   0   0   1 :    -18.539    -19.334    -19.292    -19.360    -19.446    -19.497    -19.534    -19.547    -19.540    -19.549    -19.596    -19.667    -19.734    -19.782    -19.813    -19.838    -19.865    -19.896    -19.926    -19.950    -19.968    -19.978    -19.985    -19.990    -19.995    -20.001    -20.009    -20.018    -20.030    -20.043    -20.057    -20.073    -20.090    -20.106    -20.122    -20.137    -20.151    -20.164    -20.176    -20.187    -20.197    -20.206    -20.215    -20.223    -20.231    -20.239    -20.245    -20.252    -20.259    -20.265    -20.272    -20.279    -20.286    -20.293    -20.301    -20.308    -20.316    -20.324    -20.332    -20.340    -20.347    -20.355    -20.361    -20.368    -20.373    -20.378    -20.383    -20.387    -20.390    -20.394    -20.397    -20.399    -20.402    -20.404    -20.406    -20.409    -20.411    -20.414    -20.417    -20.420    -20.424    -20.427    -20.431    -20.436    -20.440    -20.445    -20.450    -20.456    -20.461    -20.467    -20.473    -20.479    -20.486    -20.492    -20.499    -20.505    -20.512    -20.519    -20.527    -20.535    -20.543 
2 # 198   1   1   0 :    -21.300    -21.317    -21.299    -21.331    -21.322    -21.287    -21.273    -21.282    -21.301    -21.320    -21.331    -21.332    -21.329    -21.326    -21.321    -21.315    -21.308    -21.303    -21.303    -21.307    -21.315    -21.322    -21.326    -21.323    -21.314    -21.302    -21.288    -21.276    -21.267    -21.262    -21.262    -21.265    -21.269    -21.275    -21.281    -21.286    -21.291    -21.295    -21.300    -21.303    -21.307    -21.309    -21.312    -21.313    -21.314    -21.315    -21.314    -21.314    -21.312    -21.311    -21.309    -21.307    -21.305    -21.303    -21.302    -21.301    -21.301    -21.301    -21.301    -21.302    -21.303    -21.305    -21.306    -21.308    -21.309    -21.310    -21.310    -21.311    -21.311    -21.310    -21.310    -21.309    -21.307    -21.306    -21.304    -21.302    -21.300    -21.298    -21.297    -21.295    -21.293    -21.291    -21.290    -21.289    -21.288    -21.287    -21.286    -21.286    -21.286    -21.285    -21.286    -21.286    -21.287    -21.288    -21.289    -21.291    -21.294    -21.297    -21.302    -21.307    -21.313 
3 # 198   1   0   1 :    -26.643    -26.377    -26.522    -26.469    -26.411    -26.391    -26.374    -26.368    -26.366    -26.357    -26.343    -26.327    -26.310    -26.296    -26.290    -26.298    -26.317    -26.342    -26.367    -26.386    -26.397    -26.403    -26.404    -26.403    -26.401    -26.398    -26.394    -26.391    -26.387    -26.386    -26.386    -26.389    -26.393    -26.399    -26.406    -26.411    -26.416    -26.419    -26.420    -26.420    -26.418    -26.416    -26.413    -26.411    -26.408    -26.406    -26.405    -26.403    -26.401    -26.400    -26.398    -26.397    -26.396    -26.395    -26.394    -26.394    -26.394    -26.395    -26.396    -26.397    -26.398    -26.399    -26.400    -26.401    -26.402    -26.402    -26.403    -26.404    -26.405    -26.406    -26.408    -26.410    -26.413    -26.415    -26.418    -26.421    -26.425    -26.428    -26.431    -26.434    -26.437    -26.439    -26.441    -26.443    -26.444    -26.445    -26.445    -26.445    -26.444    -26.443    -26.442    -26.440    -26.438    -26.436    -26.435    -26.433    -26.431    -26.429    -26.428    -26.426    -26.425 
4 # 197   2   1   0 :    -26.588    -26.556    -26.554    -26.611    -26.571    -26.535    -26.532    -26.552    -26.572    -26.588    -26.601    -26.611    -26.614    -26.613    -26.607    -26.596    -26.583    -26.572    -26.567    -26.568    -26.575    -26.584    -26.593    -26.598    -26.599    -26.597    -26.593    -26.589    -26.584    -26.580    -26.578    -26.577    -26.577    -26.579    -26.582    -26.585    -26.588    -26.592    -26.595    -26.597    -26.599    -26.601    -26.602    -26.603    -26.603    -26.603    -26.603    -26.602    -26.600    -26.598    -26.595    -26.592    -26.589    -26.586    -26.582    -26.579    -26.577    -26.575    -26.573    -26.572    -26.572    -26.572    -26.572    -26.573    -26.574    -26.576    -26.577    -26.579    -26.580    -26.582    -26.583    -26.584    -26.585    -26.586    -26.586    -26.586    -26.586    -26.585    -26.584    -26.583    -26.582    -26.580    -26.579    -26.578    -26.577    -26.576    -26.575    -26.574    -26.573    -26.572    -26.571    -26.570    -26.569    -26.568    -26.567    -26.565    -26.563    -26.560    -26.558    -26.554    -26.551 
5 # 198   0   0   2 :    -23.744    -23.659    -23.987    -24.194    -24.239    -24.376    -24.514    -24.623    -24.715    -24.794    -24.857    -24.904    -24.942    -24.977    -25.013    -25.049    -25.083    -25.112    -25.138    -25.161    -25.185    -25.210    -25.238    -25.269    -25.300    -25.332    -25.361    -25.388    -25.413    -25.435    -25.455    -25.473    -25.490    -25.506    -25.523    -25.540    -25.559    -25.578    -25.598    -25.618    -25.639    -25.660    -25.680    -25.699    -25.718    -25.736    -25.753    -25.769    -25.785    -25.800    -25.815    -25.829    -25.842    -25.855    -25.867    -25.878    -25.889    -25.899    -25.910    -25.920    -25.931    -25.941    -25.952    -25.964    -25.975    -25.987    -25.999    -26.010    -26.022    -26.034    -26.045    -26.057    -26.068    -26.079    -26.089    -26.100    -26.110    -26.120    -26.130    -26.139    -26.148    -26.157    -26.166    -26.175    -26.184    -26.193    -26.201    -26.210    -26.218    -26.226    -26.235    -26.243    -26.252    -26.260    -26.268    -26.276    -26.285    -26.293    -26.301    -26.310    -26.318 
6 # 197   1   1   1 :    -35.798    -35.203    -34.896    -34.618    -34.428    -34.286    -34.161    -34.050    -33.960    -33.888    -33.822    -33.752    -33.675    -33.595    -33.520    -33.458    -33.411    -33.379    -33.359    -33.344    -33.329    -33.312    -33.289    -33.263    -33.235    -33.207    -33.181    -33.158    -33.138    -33.120    -33.104    -33.087    -33.070    -33.052    -33.033    -33.014    -32.996    -32.978    -32.962    -32.948    -32.935    -32.923    -32.911    -32.900    -32.889    -32.878    -32.866    -32.855    -32.844    -32.833    -32.822    -32.812    -32.801    -32.791    -32.782    -32.773    -32.764    -32.755    -32.747    -32.739    -32.732    -32.725    -32.719    -32.713    -32.708    -32.704    -32.700    -32.697    -32.694    -32.691    -32.689    -32.687    -32.685    -32.683    -32.681    -32.679    -32.677    -32.674    -32.671    -32.668    -32.665    -32.661    -32.657    -32.653    -32.648    -32.643    -32.637    -32.631    -32.624    -32.618    -32.610    -32.603    -32.595    -32.587    -32.579    -32.570    -32.561    -32.553    -32.544    -32.535    -32.526 
7 # 196   2   2   0 :    -31.863    -31.828    -31.870    -31.843    -31.821    -31.831    -31.860    -31.872    -31.869    -31.863    -31.852    -31.836    -31.821    -31.810    -31.808    -31.813    -31.822    -31.834    -31.842    -31.848    -31.850    -31.849    -31.847    -31.846    -31.846    -31.847    -31.849    -31.854    -31.860    -31.866    -31.872    -31.875    -31.876    -31.875    -31.871    -31.866    -31.861    -31.856    -31.853    -31.851    -31.851    -31.852    -31.854    -31.857    -31.858    -31.860    -31.861    -31.861    -31.861    -31.860    -31.860    -31.859    -31.858    -31.857    -31.856    -31.855    -31.854    -31.853    -31.852    -31.850    -31.849    -31.847    -31.846    -31.846    -31.846    -31.846    -31.847    -31.848    -31.850    -31.852    -31.855    -31.857    -31.860    -31.862    -31.864    -31.866    -31.867    -31.868    -31.868    -31.868    -31.868    -31.867    -31.866    -31.864    -31.862    -31.860    -31.858    -31.856    -31.853    -31.851    -31.848    -31.846    -31.843    -31.841    -31.839    -31.838    -31.837    -31.837    -31.838    -31.840    -31.843 
8 # 197   2   0   1 :    -30.859    -30.868    -30.960    -31.075    -31.093    -31.054    -31.032    -31.050    -31.071    -31.065    -31.042    -31.022    -31.015    -31.018    -31.023    -31.024    -31.020    -31.015    -31.013    -31.014    -31.019    -31.026    -31.033    -31.040    -31.045    -31.050    -31.053    -31.057    -31.060    -31.063    -31.066    -31.068    -31.070    -31.071    -31.071    -31.070    -31.069    -31.067    -31.066    -31.066    -31.068    -31.071    -31.074    -31.079    -31.083    -31.087    -31.091    -31.093    -31.094    -31.094    -31.094    -31.092    -31.091    -31.089    -31.087    -31.086    -31.085    -31.084    -31.084    -31.084    -31.083    -31.083    -31.083    -31.083    -31.082    -31.082    -31.081    -31.080    -31.079    -31.078    -31.077    -31.077    -31.076    -31.076    -31.076    -31.077    -31.078    -31.079    -31.081    -31.083    -31.085    -31.088    -31.090    -31.093    -31.096    -31.099    -31.102    -31.104    -31.107    -31.110    -31.112    -31.115    -31.117    -31.120    -31.122    -31.125    -31.127    -31.130    -31.132    -31.135    -31.138 
9 # 196   3   1   0 :    -31.174    -31.103    -31.193    -31.253    -31.227    -31.174    -31.168    -31.178    -31.168    -31.144    -31.129    -31.132    -31.148    -31.166    -31.179    -31.183    -31.179    -31.169    -31.157    -31.146    -31.138    -31.132    -31.130    -31.130    -31.133    -31.138    -31.144    -31.152    -31.160    -31.168    -31.177    -31.184    -31.190    -31.193    -31.194    -31.193    -31.189    -31.183    -31.177    -31.170    -31.164    -31.159    -31.155    -31.154    -31.154    -31.155    -31.157    -31.159    -31.161    -31.163    -31.164    -31.165    -31.165    -31.164    -31.163    -31.162    -31.161    -31.160    -31.158    -31.157    -31.156    -31.155    -31.154    -31.154    -31.153    -31.153    -31.153    -31.154    -31.154    -31.155    -31.156    -31.157    -31.158    -31.159    -31.160    -31.161    -31.162    -31.162    -31.163    -31.163    -31.163    -31.162    -31.162    -31.162    -31.162    -31.162    -31.162    -31.162    -31.163    -31.163    -31.164    -31.166    -31.167    -31.169    -31.170    -31.172    -31.174    -31.175    -31.176    -31.176    -31.176 
10 # 197   1   0   2 :    -31.710    -31.498    -31.500    -31.475    -31.532    -31.534    -31.522    -31.530    -31.538    -31.538    -31.533    -31.526    -31.516    -31.506    -31.499    -31.498    -31.504    -31.513    -31.523    -31.536    -31.550    -31.568    -31.588    -31.610    -31.632    -31.654    -31.675    -31.695    -31.713    -31.728    -31.741    -31.750    -31.757    -31.762    -31.765    -31.768    -31.771    -31.775    -31.779    -31.785    -31.791    -31.798    -31.806    -31.814    -31.822    -31.831    -31.838    -31.846    -31.853    -31.859    -31.866    -31.872    -31.878    -31.884    -31.891    -31.898    -31.904    -31.911    -31.918    -31.925    -31.932    -31.938    -31.943    -31.949    -31.954    -31.958    -31.962    -31.966    -31.970    -31.974    -31.978    -31.983    -31.987    -31.992    -31.997    -32.003    -32.008    -32.014    -32.020    -32.026    -32.031    -32.037    -32.043    -32.048    -32.054    -32.060    -32.065    -32.071    -32.077    -32.083    -32.089    -32.095    -32.101    -32.108    -32.114    -32.121    -32.127    -32.133    -32.139    -32.145    -32.151 
11 # 196   2   1   1 :    -40.799    -39.973    -39.641    -39.276    -39.115    -39.086    -38.985    -38.848    -38.738    -38.660    -38.595    -38.530    -38.464    -38.401    -38.346    -38.296    -38.247    -38.198    -38.153    -38.115    -38.087    -38.065    -38.049    -38.033    -38.016    -37.997    -37.975    -37.951    -37.926    -37.901    -37.876    -37.852    -37.829    -37.807    -37.787    -37.767    -37.747    -37.728    -37.708    -37.688    -37.668    -37.648    -37.630    -37.613    -37.599    -37.587    -37.579    -37.572    -37.569    -37.568    -37.568    -37.569    -37.569    -37.570    -37.569    -37.567    -37.563    -37.557    -37.550    -37.541    -37.531    -37.520    -37.508    -37.497    -37.485    -37.473    -37.462    -37.452    -37.442    -37.433    -37.425    -37.417    -37.410    -37.403    -37.397    -37.392    -37.386    -37.381    -37.376    -37.371    -37.365    -37.360    -37.355    -37.349    -37.344    -37.338    -37.332    -37.326    -37.320    -37.314    -37.307    -37.301    -37.295    -37.288    -37.282    -37.275    -37.268    -37.261    -37.254    -37.246    -37.238 
12 # 195   3   2   0 :    -36.423    -36.524    -36.428    -36.382    -36.402    -36.436    -36.454    -36.446    -36.434    -36.432    -36.435    -36.437    -36.442    -36.451    -36.461    -36.466    -36.464    -36.457    -36.448    -36.439    -36.433    -36.428    -36.424    -36.421    -36.422    -36.425    -36.430    -36.435    -36.440    -36.443    -36.443    -36.441    -36.436    -36.432    -36.427    -36.424    -36.423    -36.423    -36.424    -36.425    -36.427    -36.428    -36.430    -36.431    -36.432    -36.433    -36.434    -36.436    -36.439    -36.442    -36.444    -36.447    -36.449    -36.451    -36.452    -36.452    -36.451    -36.449    -36.447    -36.445    -36.442    -36.440    -36.438    -36.436    -36.435    -36.434    -36.433    -36.433    -36.433    -36.433    -36.432    -36.432    -36.432    -36.431    -36.430    -36.429    -36.428    -36.427    -36.426    -36.426    -36.425    -36.425    -36.426    -36.427    -36.428    -36.430    -36.432    -36.434    -36.437    -36.439    -36.443    -36.446    -36.449    -36.453    -36.457    -36.461    -36.465    -36.469    -36.474    -36.478    -36.483 
13 # 197   0   0   3 :    -27.736    -28.164    -28.410    -28.624    -28.686    -28.824    -29.025    -29.182    -29.269    -29.323    -29.376    -29.434    -29.495    -29.558    -29.622    -29.686    -29.746    -29.798    -29.842    -29.878    -29.907    -29.933    -29.957    -29.980    -30.006    -30.034    -30.066    -30.102    -30.141    -30.183    -30.227    -30.269    -30.310    -30.347    -30.381    -30.411    -30.438    -30.462    -30.485    -30.506    -30.527    -30.548    -30.569    -30.590    -30.611    -30.632    -30.653    -30.674    -30.694    -30.715    -30.735    -30.755    -30.774    -30.793    -30.812    -30.830    -30.848    -30.865    -30.883    -30.900    -30.916    -30.933    -30.950    -30.966    -30.983    -31.000    -31.017    -31.033    -31.050    -31.066    -31.082    -31.098    -31.114    -31.129    -31.144    -31.159    -31.173    -31.188    -31.202    -31.216    -31.230    -31.245    -31.259    -31.273    -31.288    -31.302    -31.316    -31.330    -31.344    -31.358    -31.371    -31.384    -31.398    -31.410    -31.423    -31.436    -31.448    -31.461    -31.473    -31.486    -31.500 
14 # 196   1   1   2 :    -40.874    -40.083    -39.665    -39.332    -39.048    -38.932    -38.871    -38.797    -38.723    -38.653    -38.580    -38.509    -38.451    -38.409    -38.377    -38.353    -38.332    -38.314    -38.298    -38.283    -38.270    -38.259    -38.250    -38.243    -38.236    -38.228    -38.220    -38.211    -38.201    -38.190    -38.180    -38.171    -38.162    -38.153    -38.144    -38.135    -38.124    -38.113    -38.100    -38.088    -38.077    -38.067    -38.059    -38.054    -38.051    -38.051    -38.052    -38.055    -38.059    -38.062    -38.065    -38.067    -38.067    -38.066    -38.064    -38.060    -38.055    -38.049    -38.043    -38.037    -38.032    -38.027    -38.023    -38.020    -38.018    -38.017    -38.017    -38.018    -38.019    -38.021    -38.024    -38.026    -38.029    -38.032    -38.034    -38.037    -38.038    -38.040    -38.040    -38.041    -38.040    -38.040    -38.039    -38.037    -38.035    -38.033    -38.030    -38.027    -38.025    -38.022    -38.019    -38.016    -38.013    -38.011    -38.008    -38.005    -38.002    -38.000    -37.996    -37.993    -37.990 
15 # 195   2   2   1 :    -45.598    -45.009    -44.688    -44.436    -44.133    -43.814    -43.645    -43.594    -43.571    -43.534    -43.477    -43.406    -43.330    -43.258    -43.193    -43.136    -43.084    -43.033    -42.982    -42.933    -42.886    -42.844    -42.809    -42.780    -42.756    -42.736    -42.718    -42.700    -42.682    -42.665    -42.647    -42.628    -42.610    -42.591    -42.571    -42.551    -42.529    -42.507    -42.486    -42.465    -42.445    -42.427    -42.411    -42.396    -42.383    -42.370    -42.359    -42.348    -42.337    -42.325    -42.313    -42.301    -42.288    -42.276    -42.263    -42.251    -42.240    -42.230    -42.221    -42.212    -42.204    -42.197    -42.190    -42.183    -42.175    -42.168    -42.160    -42.151    -42.142    -42.133    -42.123    -42.114    -42.104    -42.094    -42.085    -42.077    -42.069    -42.061    -42.054    -42.048    -42.042    -42.036    -42.031    -42.026    -42.021    -42.015    -42.010    -42.005    -41.999    -41.993    -41.987    -41.981    -41.974    -41.968    -41.962    -41.956    -41.950    -41.944    -41.940    -41.936    -41.933 
16 # 194   3   3   0 :    -41.016    -41.079    -40.932    -40.975    -41.016    -40.993    -40.953    -40.939    -40.950    -40.971    -40.993    -41.010    -41.019    -41.021    -41.018    -41.012    -41.006    -41.000    -40.992    -40.984    -40.977    -40.974    -40.975    -40.981    -40.989    -40.998    -41.006    -41.011    -41.012    -41.011    -41.010    -41.009    -41.011    -41.015    -41.022    -41.031    -41.040    -41.049    -41.056    -41.060    -41.062    -41.060    -41.055    -41.048    -41.040    -41.030    -41.021    -41.012    -41.005    -41.000    -40.996    -40.994    -40.994    -40.995    -40.997    -41.000    -41.003    -41.006    -41.008    -41.010    -41.012    -41.013    -41.014    -41.014    -41.013    -41.013    -41.012    -41.010    -41.009    -41.007    -41.006    -41.004    -41.003    -41.002    -41.002    -41.001    -41.002    -41.002    -41.004    -41.005    -41.008    -41.010    -41.013    -41.016    -41.020    -41.023    -41.026    -41.030    -41.032    -41.035    -41.037    -41.039    -41.041    -41.041    -41.042    -41.042    -41.041    -41.039    -41.037    -41.035    -41.032 
17 # 196   3   0   1 :    -35.344    -35.389    -35.336    -35.261    -35.251    -35.258    -35.231    -35.184    -35.167    -35.188    -35.224    -35.253    -35.270    -35.275    -35.279    -35.284    -35.292    -35.300    -35.302    -35.298    -35.290    -35.280    -35.272    -35.269    -35.269    -35.273    -35.279    -35.286    -35.291    -35.295    -35.296    -35.295    -35.291    -35.285    -35.278    -35.272    -35.266    -35.263    -35.261    -35.262    -35.264    -35.268    -35.273    -35.278    -35.283    -35.288    -35.291    -35.294    -35.295    -35.295    -35.294    -35.293    -35.291    -35.290    -35.288    -35.287    -35.287    -35.287    -35.288    -35.289    -35.290    -35.291    -35.293    -35.294    -35.296    -35.297    -35.299    -35.300    -35.301    -35.302    -35.303    -35.303    -35.304    -35.304    -35.304    -35.304    -35.304    -35.303    -35.303    -35.302    -35.302    -35.301    -35.301    -35.300    -35.300    -35.300    -35.299    -35.299    -35.300    -35.300    -35.300    -35.301    -35.301    -35.302    -35.303    -35.304    -35.304    -35.305    -35.306    -35.307    -35.308 
18 # 195   4   1   0 :    -35.352    -35.341    -35.342    -35.366    -35.341    -35.298    -35.283    -35.300    -35.327    -35.344    -35.351    -35.353    -35.354    -35.352    -35.349    -35.346    -35.345    -35.345    -35.346    -35.349    -35.354    -35.361    -35.369    -35.376    -35.379    -35.378    -35.371    -35.360    -35.347    -35.332    -35.319    -35.309    -35.303    -35.300    -35.300    -35.303    -35.307    -35.312    -35.316    -35.320    -35.324    -35.326    -35.328    -35.330    -35.331    -35.332    -35.333    -35.334    -35.334    -35.335    -35.336    -35.338    -35.339    -35.341    -35.343    -35.344    -35.346    -35.348    -35.350    -35.351    -35.352    -35.353    -35.353    -35.353    -35.353    -35.353    -35.352    -35.352    -35.352    -35.351    -35.351    -35.350    -35.350    -35.350    -35.349    -35.348    -35.348    -35.347    -35.346    -35.346    -35.345    -35.344    -35.343    -35.343    -35.342    -35.342    -35.341    -35.341    -35.341    -35.341    -35.341    -35.341    -35.341    -35.341    -35.341    -35.342    -35.342    -35.342    -35.342    -35.342    -35.342 
19 # 196   2   0   2 :    -36.611    -36.193    -36.154    -36.251    -36.296    -36.346    -36.347    -36.311    -36.277    -36.266    -36.273    -36.276    -36.265    -36.249    -36.241    -36.248    -36.268    -36.295    -36.321    -36.341    -36.355    -36.363    -36.367    -36.371    -36.377    -36.384    -36.393    -36.403    -36.414    -36.424    -36.436    -36.447    -36.459    -36.472    -36.486    -36.500    -36.514    -36.528    -36.541    -36.552    -36.561    -36.568    -36.573    -36.575    -36.577    -36.577    -36.578    -36.578    -36.580    -36.583    -36.588    -36.595    -36.602    -36.611    -36.620    -36.630    -36.639    -36.648    -36.656    -36.662    -36.667    -36.671    -36.674    -36.676    -36.677    -36.678    -36.678    -36.679    -36.679    -36.681    -36.682    -36.684    -36.687    -36.691    -36.695    -36.700    -36.705    -36.711    -36.718    -36.725    -36.732    -36.739    -36.746    -36.753    -36.760    -36.767    -36.774    -36.779    -36.785    -36.790    -36.794    -36.798    -36.802    -36.805    -36.808    -36.811    -36.813    -36.815    -36.816    -36.817    -36.817 
20 # 195   3   1   1 :    -45.014    -44.003    -43.873    -43.787    -43.508    -43.309    -43.189    -43.105    -43.035    -42.968    -42.905    -42.847    -42.790    -42.734    -42.676    -42.621    -42.570    -42.524    -42.483    -42.446    -42.411    -42.376    -42.342    -42.308    -42.274    -42.240    -42.206    -42.175    -42.148    -42.124    -42.105    -42.090    -42.078    -42.068    -42.059    -42.049    -42.038    -42.025    -42.010    -41.993    -41.974    -41.954    -41.935    -41.915    -41.897    -41.881    -41.866    -41.853    -41.842    -41.833    -41.824    -41.817    -41.809    -41.802    -41.795    -41.787    -41.779    -41.771    -41.762    -41.752    -41.743    -41.734    -41.724    -41.715    -41.706    -41.697    -41.689    -41.681    -41.674    -41.666    -41.660    -41.653    -41.647    -41.641    -41.635    -41.630    -41.624    -41.617    -41.611    -41.604    -41.596    -41.589    -41.580    -41.572    -41.563    -41.554    -41.544    -41.535    -41.525    -41.516    -41.507    -41.498    -41.490    -41.482    -41.475    -41.468    -41.462    -41.456    -41.451    -41.447    -41.443 
21 # 194   4   2   0 :    -40.611    -40.672    -40.578    -40.592    -40.618    -40.610    -40.596    -40.602    -40.616    -40.622    -40.619    -40.617    -40.622    -40.631    -40.636    -40.632    -40.619    -40.603    -40.591    -40.585    -40.586    -40.592    -40.599    -40.604    -40.607    -40.606    -40.603    -40.599    -40.595    -40.593    -40.593    -40.595    -40.599    -40.604    -40.608    -40.612    -40.614    -40.615    -40.614    -40.612    -40.609    -40.606    -40.604    -40.602    -40.600    -40.599    -40.599    -40.598    -40.598    -40.597    -40.596    -40.594    -40.592    -40.590    -40.588    -40.586    -40.585    -40.585    -40.585    -40.586    -40.587    -40.589    -40.592    -40.594    -40.597    -40.600    -40.603    -40.605    -40.607    -40.608    -40.609    -40.609    -40.609    -40.609    -40.608    -40.607    -40.606    -40.605    -40.604    -40.603    -40.603    -40.602    -40.602    -40.603    -40.604    -40.605    -40.607    -40.609    -40.612    -40.615    -40.619    -40.622    -40.626    -40.631    -40.635    -40.639    -40.643    -40.647    -40.651    -40.655    -40.658 
22 # 196   1   0   3 :    -36.178    -35.994    -36.120    -36.001    -35.952    -35.916    -35.930    -35.962    -35.977    -35.987    -36.012    -36.049    -36.087    -36.119    -36.145    -36.164    -36.177    -36.186    -36.194    -36.203    -36.214    -36.225    -36.238    -36.252    -36.271    -36.294    -36.322    -36.353    -36.386    -36.417    -36.444    -36.466    -36.484    -36.498    -36.508    -36.517    -36.524    -36.531    -36.538    -36.546    -36.555    -36.565    -36.576    -36.588    -36.602    -36.616    -36.630    -36.645    -36.660    -36.675    -36.690    -36.704    -36.717    -36.729    -36.741    -36.752    -36.762    -36.772    -36.781    -36.790    -36.799    -36.809    -36.818    -36.829    -36.840    -36.851    -36.863    -36.876    -36.889    -36.902    -36.916    -36.930    -36.945    -36.959    -36.973    -36.987    -37.000    -37.014    -37.027    -37.040    -37.052    -37.065    -37.077    -37.088    -37.099    -37.110    -37.120    -37.130    -37.139    -37.148    -37.156    -37.164    -37.171    -37.177    -37.183    -37.188    -37.193    -37.196    -37.199    -37.201    -37.202 
23 # 195   2   1   2 :    -45.885    -44.662    -44.557    -44.312    -44.069    -43.954    -43.880    -43.778    -43.649    -43.529    -43.438    -43.376    -43.335    -43.304    -43.276    -43.248    -43.221    -43.197    -43.174    -43.153    -43.132    -43.110    -43.087    -43.065    -43.045    -43.029    -43.015    -43.005    -42.996    -42.987    -42.978    -42.967    -42.956    -42.944    -42.932    -42.920    -42.909    -42.899    -42.891    -42.883    -42.877    -42.871    -42.865    -42.860    -42.856    -42.851    -42.847    -42.842    -42.838    -42.835    -42.831    -42.827    -42.823    -42.818    -42.814    -42.809    -42.804    -42.799    -42.794    -42.789    -42.785    -42.781    -42.779    -42.777    -42.775    -42.775    -42.775    -42.776    -42.777    -42.778    -42.780    -42.781    -42.782    -42.783    -42.783    -42.784    -42.784    -42.783    -42.783    -42.782    -42.782    -42.781    -42.780    -42.779    -42.778    -42.777    -42.777    -42.776    -42.775    -42.775    -42.775    -42.775    -42.776    -42.777    -42.778    -42.780    -42.783    -42.785    -42.789    -42.793    -42.798 
24 # 194   3   2   1 :    -49.956    -49.119    -48.764    -48.584    -48.360    -48.220    -48.117    -48.015    -47.927    -47.855    -47.789    -47.720    -47.648    -47.575    -47.503    -47.432    -47.367    -47.310    -47.263    -47.224    -47.192    -47.165    -47.143    -47.124    -47.107    -47.090    -47.069    -47.043    -47.014    -46.983    -46.951    -46.922    -46.894    -46.870    -46.847    -46.826    -46.806    -46.785    -46.764    -46.741    -46.717    -46.693    -46.668    -46.643    -46.619    -46.596    -46.574    -46.554    -46.536    -46.520    -46.505    -46.493    -46.483    -46.474    -46.467    -46.461    -46.456    -46.451    -46.447    -46.442    -46.438    -46.432    -46.426    -46.419    -46.411    -46.403    -46.393    -46.383    -46.371    -46.360    -46.348    -46.336    -46.324    -46.312    -46.301    -46.291    -46.281    -46.271    -46.263    -46.256    -46.250    -46.244    -46.239    -46.235    -46.232    -46.229    -46.226    -46.224    -46.221    -46.219    -46.217    -46.214    -46.212    -46.209    -46.207    -46.204    -46.201    -46.198    -46.195    -46.193    -46.190 
25 # 193   4   3   0 :    -45.182    -45.087    -45.228    -45.220    -45.176    -45.164    -45.179    -45.186    -45.182    -45.176    -45.174    -45.170    -45.164    -45.158    -45.156    -45.158    -45.162    -45.167    -45.172    -45.175    -45.177    -45.179    -45.179    -45.179    -45.178    -45.175    -45.172    -45.169    -45.167    -45.166    -45.166    -45.167    -45.168    -45.170    -45.171    -45.172    -45.173    -45.174    -45.174    -45.175    -45.177    -45.178    -45.181    -45.183    -45.186    -45.188    -45.190    -45.192    -45.192    -45.192    -45.191    -45.189    -45.188    -45.186    -45.185    -45.184    -45.184    -45.185    -45.186    -45.187    -45.188    -45.190    -45.191    -45.192    -45.193    -45.193    -45.193    -45.193    -45.192    -45.191    -45.190    -45.189    -45.187    -45.186    -45.184    -45.183    -45.181    -45.179    -45.178    -45.176    -45.174    -45.172    -45.170    -45.168    -45.166    -45.164    -45.162    -45.159    -45.157    -45.155    -45.153    -45.151    -45.150    -45.149    -45.149    -45.149    -45.151    -45.152    -45.155    -45.159    -45.163 
26 # 196   0   0   4 :    -31.321    -32.333    -32.341    -32.661    -32.902    -33.078    -33.209    -33.320    -33.424    -33.525    -33.624    -33.716    -33.796    -33.862    -33.916    -33.966    -34.017    -34.071    -34.127    -34.184    -34.238    -34.290    -34.339    -34.385    -34.429    -34.471    -34.510    -34.547    -34.583    -34.617    -34.651    -34.684    -34.717    -34.750    -34.783    -34.816    -34.849    -34.883    -34.916    -34.949    -34.982    -35.015    -35.048    -35.082    -35.116    -35.150    -35.185    -35.220    -35.255    -35.291    -35.325    -35.359    -35.392    -35.424    -35.454    -35.482    -35.509    -35.533    -35.556    -35.577    -35.596    -35.614    -35.631    -35.647    -35.663    -35.679    -35.695    -35.712    -35.730    -35.748    -35.768    -35.788    -35.809    -35.830    -35.852    -35.874    -35.896    -35.918    -35.939    -35.961    -35.981    -36.001    -36.021    -36.040    -36.058    -36.076    -36.093    -36.110    -36.126    -36.143    -36.160    -36.176    -36.193    -36.211    -36.228    -36.246    -36.264    -36.283    -36.301    -36.320    -36.339 
27 # 195   1   1   3 :    -45.574    -44.165    -43.644    -43.403    -43.272    -43.202    -43.121    -43.048    -42.998    -42.967    -42.948    -42.926    -42.892    -42.844    -42.793    -42.749    -42.716    -42.696    -42.686    -42.683    -42.683    -42.685    -42.686    -42.686    -42.685    -42.683    -42.680    -42.676    -42.673    -42.671    -42.670    -42.670    -42.671    -42.673    -42.674    -42.675    -42.676    -42.676    -42.675    -42.673    -42.671    -42.669    -42.667    -42.664    -42.662    -42.661    -42.661    -42.661    -42.663    -42.666    -42.671    -42.676    -42.682    -42.689    -42.697    -42.705    -42.713    -42.722    -42.729    -42.737    -42.744    -42.751    -42.758    -42.764    -42.770    -42.775    -42.780    -42.785    -42.790    -42.794    -42.799    -42.802    -42.806    -42.809    -42.813    -42.816    -42.819    -42.822    -42.825    -42.829    -42.832    -42.837    -42.841    -42.847    -42.852    -42.858    -42.865    -42.872    -42.880    -42.887    -42.896    -42.904    -42.913    -42.921    -42.930    -42.939    -42.948    -42.957    -42.965    -42.974    -42.982 
28 # 194   2   2   2 :    -51.067    -50.031    -49.409    -49.139    -48.982    -48.843    -48.776    -48.738    -48.664    -48.553    -48.445    -48.357    -48.290    -48.237    -48.194    -48.159    -48.131    -48.109    -48.090    -48.072    -48.054    -48.032    -48.005    -47.973    -47.938    -47.903    -47.869    -47.838    -47.812    -47.792    -47.777    -47.767    -47.761    -47.758    -47.757    -47.756    -47.753    -47.749    -47.741    -47.730    -47.718    -47.703    -47.688    -47.673    -47.659    -47.646    -47.634    -47.624    -47.616    -47.608    -47.602    -47.597    -47.592    -47.587    -47.583    -47.579    -47.575    -47.570    -47.566    -47.562    -47.558    -47.554    -47.550    -47.546    -47.543    -47.539    -47.535    -47.531    -47.527    -47.523    -47.520    -47.516    -47.513    -47.510    -47.507    -47.505    -47.503    -47.502    -47.501    -47.500    -47.500    -47.500    -47.501    -47.501    -47.502    -47.503    -47.503    -47.503    -47.503    -47.502    -47.501    -47.500    -47.498    -47.496    -47.493    -47.490    -47.487    -47.484    -47.481    -47.478    -47.475 
29 # 193   3   3   1 :    -54.404    -53.621    -53.320    -52.888    -52.630    -52.469    -52.351    -52.252    -52.162    -52.072    -51.977    -51.882    -51.796    -51.727    -51.676    -51.639    -51.610    -51.581    -51.548    -51.508    -51.463    -51.416    -51.368    -51.321    -51.276    -51.235    -51.198    -51.165    -51.135    -51.109    -51.086    -51.064    -51.044    -51.024    -51.005    -50.987    -50.971    -50.955    -50.941    -50.928    -50.916    -50.906    -50.896    -50.886    -50.876    -50.865    -50.853    -50.841    -50.827    -50.813    -50.798    -50.783    -50.768    -50.754    -50.741    -50.729    -50.717    -50.707    -50.697    -50.688    -50.679    -50.671    -50.663    -50.655    -50.647    -50.638    -50.629    -50.620    -50.611    -50.601    -50.591    -50.581    -50.570    -50.560    -50.550    -50.540    -50.530    -50.520    -50.510    -50.501    -50.492    -50.484    -50.476    -50.469    -50.462    -50.456    -50.450    -50.445    -50.441    -50.437    -50.434    -50.431    -50.428    -50.426    -50.424    -50.423    -50.421    -50.420    -50.420    -50.419    -50.419 
30 # 192   4   4   0 :    -49.351    -49.344    -49.418    -49.352    -49.338    -49.361    -49.368    -49.355    -49.341    -49.333    -49.327    -49.318    -49.308    -49.295    -49.277    -49.258    -49.245    -49.242    -49.251    -49.267    -49.286    -49.304    -49.318    -49.328    -49.337    -49.344    -49.351    -49.359    -49.366    -49.371    -49.376    -49.378    -49.379    -49.379    -49.378    -49.378    -49.377    -49.376    -49.376    -49.374    -49.372    -49.370    -49.366    -49.363    -49.358    -49.354    -49.349    -49.344    -49.340    -49.335    -49.331    -49.328    -49.324    -49.322    -49.320    -49.318    -49.318    -49.318    -49.319    -49.320    -49.323    -49.325    -49.329    -49.332    -49.336    -49.339    -49.343    -49.346    -49.349    -49.352    -49.354    -49.355    -49.357    -49.357    -49.358    -49.358    -49.357    -49.356    -49.355    -49.353    -49.351    -49.349    -49.347    -49.345    -49.343    -49.340    -49.338    -49.336    -49.334    -49.333    -49.331    -49.330    -49.329    -49.329    -49.328    -49.328    -49.328    -49.329    -49.330    -49.331    -49.332 
31 # 195   4   0   1 :    -38.910    -39.111    -39.230    -39.232    -39.191    -39.182    -39.180    -39.173    -39.166    -39.163    -39.169    -39.180    -39.189    -39.187    -39.174    -39.158    -39.146    -39.142    -39.143    -39.147    -39.149    -39.150    -39.148    -39.147    -39.145    -39.144    -39.145    -39.147    -39.149    -39.153    -39.157    -39.160    -39.164    -39.168    -39.172    -39.177    -39.183    -39.190    -39.197    -39.204    -39.210    -39.216    -39.219    -39.221    -39.222    -39.221    -39.218    -39.215    -39.211    -39.206    -39.202    -39.197    -39.192    -39.188    -39.183    -39.179    -39.176    -39.172    -39.169    -39.167    -39.165    -39.164    -39.163    -39.163    -39.163    -39.164    -39.166    -39.167    -39.170    -39.172    -39.175    -39.177    -39.180    -39.183    -39.186    -39.189    -39.192    -39.194    -39.196    -39.198    -39.200    -39.202    -39.203    -39.204    -39.205    -39.205    -39.206    -39.206    -39.207    -39.207    -39.207    -39.208    -39.209    -39.210    -39.211    -39.212    -39.214    -39.216    -39.219    -39.222    -39.226 
32 # 194   5   1   0 :    -39.237    -39.202    -39.253    -39.233    -39.175    -39.189    -39.231    -39.247    -39.237    -39.220    -39.212    -39.216    -39.227    -39.238    -39.242    -39.239    -39.229    -39.220    -39.215    -39.217    -39.224    -39.232    -39.237    -39.237    -39.232    -39.226    -39.219    -39.215    -39.214    -39.218    -39.225    -39.235    -39.245    -39.254    -39.260    -39.263    -39.263    -39.259    -39.254    -39.246    -39.239    -39.231    -39.224    -39.217    -39.212    -39.208    -39.204    -39.202    -39.200    -39.199    -39.198    -39.198    -39.199    -39.199    -39.201    -39.202    -39.204    -39.206    -39.208    -39.210    -39.213    -39.216    -39.218    -39.221    -39.224    -39.226    -39.229    -39.231    -39.233    -39.235    -39.237    -39.238    -39.239    -39.240    -39.240    -39.240    -39.240    -39.239    -39.238    -39.237    -39.236    -39.235    -39.233    -39.232    -39.230    -39.229    -39.228    -39.228    -39.227    -39.227    -39.228    -39.228    -39.230    -39.231    -39.233    -39.235    -39.238    -39.241    -39.243    -39.246    -39.249 
33 # 195   3   0   2 :    -40.662    -40.455    -40.484    -40.440    -40.438    -40.437    -40.449    -40.480    -40.518    -40.559    -40.597    -40.618    -40.617    -40.605    -40.595    -40.590    -40.589    -40.587    -40.584    -40.583    -40.586    -40.596    -40.612    -40.630    -40.647    -40.661    -40.671    -40.678    -40.681    -40.684    -40.686    -40.688    -40.692    -40.698    -40.705    -40.714    -40.725    -40.736    -40.748    -40.759    -40.770    -40.780    -40.790    -40.798    -40.806    -40.812    -40.819    -40.825    -40.832    -40.838    -40.845    -40.851    -40.857    -40.863    -40.868    -40.873    -40.877    -40.880    -40.883    -40.885    -40.886    -40.888    -40.889    -40.890    -40.891    -40.893    -40.895    -40.897    -40.900    -40.904    -40.908    -40.913    -40.918    -40.924    -40.931    -40.938    -40.945    -40.952    -40.960    -40.967    -40.975    -40.982    -40.989    -40.996    -41.002    -41.008    -41.014    -41.019    -41.024    -41.029    -41.033    -41.037    -41.041    -41.045    -41.049    -41.052    -41.055    -41.058    -41.061    -41.063    -41.064 
34 # 194   4   1   1 :    -48.941    -48.322    -47.923    -47.704    -47.489    -47.336    -47.223    -47.116    -47.007    -46.896    -46.788    -46.697    -46.630    -46.587    -46.555    -46.526    -46.492    -46.454    -46.412    -46.370    -46.329    -46.290    -46.255    -46.222    -46.192    -46.163    -46.135    -46.109    -46.084    -46.059    -46.035    -46.011    -45.987    -45.965    -45.943    -45.923    -45.904    -45.887    -45.872    -45.857    -45.844    -45.832    -45.819    -45.807    -45.794    -45.780    -45.766    -45.751    -45.735    -45.719    -45.702    -45.686    -45.669    -45.654    -45.640    -45.626    -45.614    -45.604    -45.594    -45.586    -45.579    -45.573    -45.568    -45.563    -45.558    -45.554    -45.550    -45.546    -45.541    -45.536    -45.531    -45.526    -45.520    -45.515    -45.510    -45.504    -45.499    -45.495    -45.490    -45.486    -45.482    -45.478    -45.474    -45.471    -45.467    -45.463    -45.459    -45.454    -45.450    -45.445    -45.440    -45.434    -45.428    -45.423    -45.417    -45.411    -45.406    -45.400    -45.396    -45.391    -45.387 
35 # 193   5   2   0 :    -44.493    -44.501    -44.528    -44.513    -44.488    -44.476    -44.488    -44.495    -44.476    -44.446    -44.424    -44.421    -44.432    -44.456    -44.485    -44.514    -44.533    -44.539    -44.532    -44.517    -44.501    -44.487    -44.479    -44.475    -44.475    -44.475    -44.477    -44.478    -44.478    -44.479    -44.480    -44.482    -44.484    -44.487    -44.491    -44.495    -44.499    -44.503    -44.505    -44.507    -44.509    -44.509    -44.509    -44.509    -44.508    -44.505    -44.502    -44.498    -44.492    -44.486    -44.479    -44.472    -44.466    -44.461    -44.456    -44.454    -44.453    -44.454    -44.457    -44.461    -44.466    -44.473    -44.479    -44.487    -44.494    -44.500    -44.506    -44.510    -44.514    -44.516    -44.517    -44.517    -44.516    -44.513    -44.510    -44.506    -44.502    -44.497    -44.493    -44.488    -44.483    -44.479    -44.476    -44.473    -44.471    -44.470    -44.470    -44.471    -44.472    -44.475    -44.478    -44.481    -44.486    -44.491    -44.495    -44.501    -44.506    -44.511    -44.515    -44.519    -44.523 
36 # 195   2   0   3 :    -40.945    -40.696    -40.894    -40.850    -40.872    -40.844    -40.773    -40.739    -40.762    -40.819    -40.882    -40.926    -40.945    -40.949    -40.949    -40.954    -40.962    -40.974    -40.989    -41.005    -41.024    -41.046    -41.069    -41.093    -41.118    -41.142    -41.164    -41.183    -41.199    -41.211    -41.221    -41.229    -41.236    -41.244    -41.253    -41.263    -41.274    -41.286    -41.300    -41.314    -41.328    -41.342    -41.357    -41.372    -41.386    -41.399    -41.412    -41.424    -41.435    -41.445    -41.454    -41.462    -41.470    -41.477    -41.484    -41.491    -41.499    -41.508    -41.517    -41.527    -41.538    -41.550    -41.563    -41.575    -41.589    -41.602    -41.615    -41.628    -41.641    -41.653    -41.665    -41.676    -41.687    -41.697    -41.707    -41.717    -41.726    -41.736    -41.745    -41.754    -41.764    -41.773    -41.783    -41.792    -41.802    -41.811    -41.821    -41.830    -41.839    -41.847    -41.856    -41.864    -41.871    -41.878    -41.885    -41.891    -41.897    -41.903    -41.908    -41.914    -41.920 
37 # 194   3   1   2 :    -50.292    -49.400    -48.709    -48.425    -48.247    -48.116    -48.031    -47.972    -47.916    -47.858    -47.802    -47.751    -47.699    -47.639    -47.576    -47.518    -47.474    -47.444    -47.425    -47.409    -47.391    -47.371    -47.350    -47.328    -47.308    -47.288    -47.270    -47.252    -47.235    -47.219    -47.204    -47.192    -47.182    -47.173    -47.166    -47.159    -47.153    -47.147    -47.141    -47.135    -47.130    -47.126    -47.122    -47.118    -47.115    -47.112    -47.109    -47.105    -47.102    -47.099    -47.096    -47.093    -47.091    -47.088    -47.085    -47.083    -47.080    -47.077    -47.073    -47.069    -47.064    -47.058    -47.052    -47.046    -47.039    -47.032    -47.025    -47.018    -47.012    -47.007    -47.002    -46.998    -46.994    -46.992    -46.991    -46.990    -46.991    -46.991    -46.993    -46.994    -46.996    -46.997    -46.999    -47.001    -47.002    -47.003    -47.004    -47.005    -47.006    -47.007    -47.008    -47.008    -47.009    -47.010    -47.011    -47.012    -47.013    -47.014    -47.015    -47.016    -47.017 
38 # 193   4   2   1 :    -54.020    -53.364    -52.828    -52.452    -52.311    -52.197    -52.053    -51.914    -51.805    -51.725    -51.654    -51.581    -51.507    -51.438    -51.376    -51.319    -51.267    -51.220    -51.176    -51.136    -51.098    -51.062    -51.028    -50.999    -50.974    -50.953    -50.934    -50.916    -50.899    -50.881    -50.862    -50.842    -50.820    -50.797    -50.774    -50.751    -50.727    -50.704    -50.681    -50.660    -50.640    -50.621    -50.603    -50.585    -50.569    -50.554    -50.540    -50.526    -50.513    -50.500    -50.487    -50.475    -50.463    -50.451    -50.439    -50.426    -50.414    -50.400    -50.387    -50.373    -50.360    -50.346    -50.333    -50.321    -50.310    -50.299    -50.290    -50.281    -50.274    -50.267    -50.261    -50.255    -50.250    -50.245    -50.239    -50.234    -50.229    -50.223    -50.217    -50.211    -50.205    -50.199    -50.192    -50.186    -50.180    -50.173    -50.167    -50.160    -50.154    -50.147    -50.141    -50.134    -50.128    -50.121    -50.113    -50.106    -50.097    -50.088    -50.078    -50.067    -50.055 
39 # 192   5   3   0 :    -49.046    -49.030    -49.082    -49.051    -49.069    -49.068    -49.045    -49.016    -49.004    -49.011    -49.026    -49.040    -49.052    -49.064    -49.075    -49.082    -49.084    -49.084    -49.086    -49.091    -49.096    -49.100    -49.101    -49.096    -49.087    -49.074    -49.059    -49.045    -49.033    -49.024    -49.019    -49.017    -49.019    -49.022    -49.026    -49.030    -49.034    -49.037    -49.038    -49.039    -49.039    -49.040    -49.041    -49.042    -49.045    -49.049    -49.053    -49.058    -49.062    -49.067    -49.072    -49.075    -49.079    -49.081    -49.083    -49.084    -49.084    -49.084    -49.083    -49.082    -49.081    -49.079    -49.078    -49.076    -49.074    -49.072    -49.070    -49.069    -49.067    -49.065    -49.063    -49.061    -49.060    -49.059    -49.057    -49.056    -49.056    -49.055    -49.055    -49.054    -49.054    -49.054    -49.053    -49.053    -49.053    -49.052    -49.052    -49.051    -49.050    -49.049    -49.048    -49.047    -49.045    -49.043    -49.041    -49.039    -49.036    -49.033    -49.030    -49.027    -49.024 
40 # 195   1   0   4 :    -40.423    -40.017    -39.814    -39.878    -39.994    -40.074    -40.123    -40.158    -40.175    -40.173    -40.175    -40.199    -40.239    -40.281    -40.318    -40.350    -40.383    -40.416    -40.449    -40.478    -40.505    -40.528    -40.550    -40.572    -40.595    -40.619    -40.644    -40.669    -40.694    -40.719    -40.742    -40.764    -40.786    -40.808    -40.829    -40.852    -40.874    -40.898    -40.921    -40.943    -40.965    -40.986    -41.006    -41.026    -41.045    -41.063    -41.082    -41.101    -41.121    -41.141    -41.161    -41.182    -41.203    -41.224    -41.244    -41.265    -41.286    -41.306    -41.326    -41.345    -41.364    -41.382    -41.399    -41.416    -41.432    -41.447    -41.462    -41.476    -41.490    -41.504    -41.517    -41.529    -41.542    -41.555    -41.568    -41.581    -41.594    -41.607    -41.620    -41.634    -41.648    -41.662    -41.676    -41.690    -41.705    -41.720    -41.735    -41.750    -41.765    -41.780    -41.795    -41.810    -41.825    -41.840    -41.854    -41.869    -41.883    -41.897    -41.911    -41.925    -41.938 
41 # 194   2   1   3 :    -50.469    -49.183    -48.738    -48.573    -48.298    -48.130    -48.046    -47.973    -47.899    -47.839    -47.795    -47.758    -47.723    -47.690    -47.657    -47.623    -47.592    -47.565    -47.545    -47.533    -47.524    -47.516    -47.507    -47.497    -47.486    -47.476    -47.467    -47.461    -47.457    -47.455    -47.454    -47.454    -47.455    -47.456    -47.458    -47.459    -47.461    -47.464    -47.467    -47.470    -47.473    -47.476    -47.479    -47.482    -47.484    -47.486    -47.488    -47.490    -47.491    -47.493    -47.495    -47.497    -47.499    -47.502    -47.505    -47.508    -47.512    -47.515    -47.519    -47.523    -47.526    -47.529    -47.533    -47.536    -47.539    -47.542    -47.544    -47.547    -47.550    -47.552    -47.555    -47.558    -47.560    -47.563    -47.566    -47.568    -47.571    -47.573    -47.576    -47.578    -47.581    -47.583    -47.585    -47.588    -47.590    -47.592    -47.594    -47.597    -47.599    -47.602    -47.605    -47.608    -47.611    -47.615    -47.618    -47.622    -47.626    -47.631    -47.635    -47.639    -47.644 
42 # 193   3   2   2 :    -55.210    -54.212    -53.766    -53.387    -53.245    -53.140    -53.044    -52.934    -52.834    -52.762    -52.715    -52.679    -52.643    -52.596    -52.538    -52.474    -52.414    -52.362    -52.320    -52.287    -52.259    -52.233    -52.210    -52.188    -52.167    -52.148    -52.130    -52.115    -52.101    -52.088    -52.076    -52.065    -52.055    -52.045    -52.036    -52.026    -52.016    -52.006    -51.995    -51.983    -51.971    -51.959    -51.946    -51.933    -51.920    -51.907    -51.894    -51.883    -51.872    -51.862    -51.853    -51.845    -51.838    -51.832    -51.826    -51.820    -51.815    -51.809    -51.803    -51.797    -51.791    -51.784    -51.778    -51.771    -51.765    -51.760    -51.755    -51.750    -51.746    -51.743    -51.740    -51.737    -51.735    -51.733    -51.732    -51.731    -51.731    -51.730    -51.730    -51.730    -51.730    -51.731    -51.731    -51.731    -51.730    -51.730    -51.729    -51.728    -51.726    -51.724    -51.722    -51.719    -51.717    -51.714    -51.712    -51.710    -51.708    -51.707    -51.707    -51.707    -51.709 
43 # 192   4   3   1 :    -58.432    -57.557    -57.151    -56.857    -56.591    -56.405    -56.295    -56.227    -56.167    -56.098    -56.018    -55.931    -55.844    -55.764    -55.694    -55.632    -55.578    -55.527    -55.479    -55.431    -55.382    -55.334    -55.289    -55.248    -55.212    -55.180    -55.152    -55.126    -55.103    -55.081    -55.062    -55.043    -55.026    -55.009    -54.993    -54.978    -54.964    -54.949    -54.935    -54.920    -54.905    -54.889    -54.873    -54.856    -54.839    -54.821    -54.802    -54.783    -54.764    -54.746    -54.727    -54.710    -54.693    -54.677    -54.661    -54.647    -54.634    -54.621    -54.610    -54.598    -54.588    -54.577    -54.567    -54.557    -54.547    -54.537    -54.528    -54.518    -54.508    -54.499    -54.489    -54.480    -54.471    -54.462    -54.453    -54.445    -54.437    -54.429    -54.421    -54.414    -54.407    -54.400    -54.393    -54.386    -54.380    -54.373    -54.367    -54.361    -54.355    -54.350    -54.345    -54.340    -54.335    -54.330    -54.325    -54.320    -54.315    -54.310    -54.304    -54.298    -54.292 
44 # 191   5   4   0 :    -53.196    -53.194    -53.237    -53.281    -53.268    -53.209    -53.182    -53.182    -53.182    -53.178    -53.177    -53.181    -53.184    -53.181    -53.171    -53.159    -53.151    -53.151    -53.159    -53.172    -53.189    -53.206    -53.221    -53.233    -53.241    -53.246    -53.247    -53.245    -53.241    -53.236    -53.232    -53.229    -53.227    -53.228    -53.229    -53.231    -53.234    -53.236    -53.238    -53.239    -53.239    -53.238    -53.235    -53.232    -53.227    -53.222    -53.216    -53.211    -53.206    -53.201    -53.198    -53.195    -53.194    -53.194    -53.195    -53.196    -53.199    -53.202    -53.205    -53.208    -53.212    -53.216    -53.220    -53.223    -53.226    -53.229    -53.231    -53.233    -53.234    -53.235    -53.235    -53.236    -53.236    -53.235    -53.235    -53.235    -53.235    -53.234    -53.234    -53.234    -53.233    -53.232    -53.231    -53.230    -53.229    -53.227    -53.226    -53.224    -53.222    -53.220    -53.219    -53.217    -53.216    -53.215    -53.215    -53.215    -53.216    -53.218    -53.220    -53.223    -53.227 
45 # 195   0   0   5 :    -35.299    -35.977    -36.402    -36.571    -36.776    -36.950    -37.078    -37.203    -37.334    -37.462    -37.580    -37.682    -37.771    -37.847    -37.916    -37.979    -38.040    -38.100    -38.162    -38.226    -38.290    -38.352    -38.413    -38.472    -38.530    -38.587    -38.643    -38.699    -38.754    -38.808    -38.861    -38.912    -38.962    -39.009    -39.054    -39.096    -39.135    -39.171    -39.205    -39.237    -39.269    -39.301    -39.333    -39.366    -39.400    -39.434    -39.468    -39.502    -39.536    -39.570    -39.603    -39.636    -39.669    -39.701    -39.733    -39.765    -39.796    -39.827    -39.858    -39.888    -39.918    -39.947    -39.976    -40.004    -40.032    -40.059    -40.086    -40.112    -40.138    -40.162    -40.187    -40.210    -40.234    -40.257    -40.280    -40.302    -40.325    -40.347    -40.370    -40.392    -40.415    -40.437    -40.459    -40.481    -40.503    -40.525    -40.546    -40.568    -40.589    -40.609    -40.630    -40.650    -40.670    -40.690    -40.710    -40.730    -40.750    -40.770    -40.790    -40.810    -40.831 
46 # 194   1   1   4 :    -49.238    -47.957    -47.580    -47.481    -47.369    -47.192    -47.098    -47.075    -47.052    -47.009    -46.962    -46.920    -46.885    -46.857    -46.836    -46.821    -46.810    -46.803    -46.800    -46.804    -46.813    -46.829    -46.848    -46.867    -46.884    -46.896    -46.903    -46.905    -46.904    -46.902    -46.899    -46.896    -46.895    -46.895    -46.897    -46.899    -46.904    -46.910    -46.918    -46.927    -46.939    -46.952    -46.966    -46.980    -46.994    -47.006    -47.018    -47.027    -47.036    -47.043    -47.049    -47.054    -47.059    -47.065    -47.071    -47.077    -47.084    -47.092    -47.101    -47.110    -47.120    -47.130    -47.141    -47.152    -47.164    -47.175    -47.187    -47.198    -47.210    -47.221    -47.232    -47.242    -47.253    -47.263    -47.273    -47.283    -47.293    -47.303    -47.313    -47.323    -47.333    -47.343    -47.353    -47.363    -47.374    -47.384    -47.394    -47.404    -47.414    -47.425    -47.435    -47.445    -47.455    -47.466    -47.476    -47.487    -47.498    -47.509    -47.520    -47.531    -47.542 
47 # 193   2   2   3 :    -55.419    -54.446    -53.921    -53.555    -53.249    -53.062    -52.962    -52.901    -52.855    -52.817    -52.784    -52.746    -52.700    -52.647    -52.592    -52.541    -52.501    -52.473    -52.456    -52.447    -52.440    -52.430    -52.416    -52.397    -52.378    -52.358    -52.342    -52.329    -52.320    -52.314    -52.309    -52.305    -52.300    -52.294    -52.288    -52.281    -52.275    -52.271    -52.268    -52.266    -52.266    -52.267    -52.268    -52.269    -52.270    -52.270    -52.269    -52.268    -52.267    -52.265    -52.263    -52.262    -52.261    -52.260    -52.260    -52.260    -52.261    -52.262    -52.264    -52.265    -52.267    -52.269    -52.271    -52.272    -52.274    -52.276    -52.278    -52.280    -52.281    -52.283    -52.285    -52.286    -52.288    -52.290    -52.291    -52.293    -52.294    -52.296    -52.297    -52.299    -52.300    -52.302    -52.303    -52.305    -52.307    -52.309    -52.311    -52.313    -52.316    -52.319    -52.322    -52.325    -52.328    -52.332    -52.336    -52.340    -52.343    -52.347    -52.350    -52.354    -52.357 
48 # 192   3   3   2 :    -59.645    -58.702    -58.253    -57.831    -57.639    -57.482    -57.346    -57.214    -57.108    -57.044    -57.008    -56.971    -56.918    -56.855    -56.789    -56.727    -56.671    -56.622    -56.580    -56.544    -56.514    -56.488    -56.465    -56.444    -56.424    -56.405    -56.385    -56.365    -56.344    -56.324    -56.304    -56.285    -56.268    -56.253    -56.241    -56.231    -56.223    -56.218    -56.213    -56.210    -56.206    -56.202    -56.197    -56.191    -56.183    -56.174    -56.164    -56.153    -56.142    -56.131    -56.120    -56.110    -56.100    -56.091    -56.083    -56.075    -56.068    -56.062    -56.056    -56.050    -56.044    -56.038    -56.032    -56.025    -56.019    -56.013    -56.007    -56.000    -55.995    -55.989    -55.984    -55.979    -55.975    -55.971    -55.968    -55.965    -55.962    -55.960    -55.958    -55.956    -55.954    -55.952    -55.950    -55.947    -55.945    -55.942    -55.939    -55.936    -55.932    -55.928    -55.924    -55.919    -55.914    -55.909    -55.904    -55.898    -55.893    -55.887    -55.882    -55.877    -55.872 
49 # 191   4   4   1 :    -62.447    -61.493    -60.897    -60.657    -60.557    -60.420    -60.267    -60.100    -59.961    -59.864    -59.795    -59.737    -59.681    -59.625    -59.570    -59.515    -59.462    -59.412    -59.368    -59.328    -59.291    -59.255    -59.220    -59.186    -59.155    -59.127    -59.103    -59.081    -59.061    -59.041    -59.021    -58.999    -58.975    -58.950    -58.924    -58.897    -58.869    -58.841    -58.814    -58.787    -58.761    -58.737    -58.715    -58.694    -58.675    -58.658    -58.642    -58.628    -58.615    -58.604    -58.592    -58.581    -58.570    -58.559    -58.547    -58.534    -58.522    -58.509    -58.496    -58.483    -58.471    -58.460    -58.450    -58.441    -58.432    -58.425    -58.418    -58.411    -58.405    -58.399    -58.393    -58.387    -58.381    -58.374    -58.366    -58.359    -58.350    -58.342    -58.333    -58.324    -58.314    -58.305    -58.295    -58.286    -58.277    -58.268    -58.259    -58.251    -58.243    -58.235    -58.227    -58.220    -58.213    -58.206    -58.200    -58.193    -58.187    -58.182    -58.176    -58.171    -58.167 
50 # 190   5   5   0 :    -57.077    -57.073    -57.091    -57.073    -57.052    -57.041    -57.046    -57.057    -57.067    -57.079    -57.088    -57.089    -57.083    -57.074    -57.065    -57.061    -57.061    -57.064    -57.066    -57.067    -57.066    -57.064    -57.064    -57.065    -57.070    -57.075    -57.081    -57.084    -57.085    -57.084    -57.081    -57.077    -57.073    -57.071    -57.070    -57.070    -57.072    -57.076    -57.079    -57.083    -57.086    -57.088    -57.089    -57.090    -57.090    -57.089    -57.087    -57.086    -57.085    -57.084    -57.084    -57.084    -57.085    -57.086    -57.087    -57.087    -57.088    -57.087    -57.086    -57.085    -57.083    -57.081    -57.078    -57.076    -57.073    -57.070    -57.067    -57.064    -57.061    -57.058    -57.055    -57.053    -57.051    -57.049    -57.049    -57.048    -57.049    -57.050    -57.052    -57.055    -57.058    -57.061    -57.065    -57.069    -57.072    -57.076    -57.079    -57.082    -57.085    -57.087    -57.089    -57.090    -57.092    -57.093    -57.094    -57.095    -57.097    -57.098    -57.100    -57.102    -57.105 
51 # 194   5   0   1 :    -42.937    -42.860    -42.811    -42.862    -42.874    -42.863    -42.849    -42.837    -42.828    -42.821    -42.824    -42.831    -42.832    -42.819    -42.800    -42.786    -42.784    -42.794    -42.811    -42.826    -42.836    -42.842    -42.845    -42.847    -42.850    -42.854    -42.858    -42.860    -42.861    -42.861    -42.860    -42.859    -42.858    -42.858    -42.859    -42.859    -42.860    -42.861    -42.862    -42.862    -42.863    -42.864    -42.865    -42.867    -42.869    -42.871    -42.872    -42.874    -42.875    -42.876    -42.877    -42.877    -42.876    -42.875    -42.874    -42.873    -42.871    -42.870    -42.869    -42.868    -42.867    -42.867    -42.867    -42.867    -42.868    -42.870    -42.872    -42.874    -42.876    -42.879    -42.881    -42.883    -42.885    -42.887    -42.889    -42.890    -42.891    -42.891    -42.891    -42.891    -42.891    -42.890    -42.889    -42.888    -42.886    -42.885    -42.883    -42.881    -42.879    -42.876    -42.873    -42.870    -42.867    -42.863    -42.859    -42.855    -42.851    -42.846    -42.842    -42.838    -42.834 
52 # 193   6   1   0 :    -42.880    -42.896    -42.889    -42.899    -42.882    -42.904    -42.922    -42.907    -42.887    -42.884    -42.891    -42.894    -42.888    -42.877    -42.866    -42.859    -42.858    -42.863    -42.871    -42.880    -42.887    -42.891    -42.894    -42.897    -42.899    -42.903    -42.907    -42.912    -42.915    -42.918    -42.918    -42.916    -42.912    -42.906    -42.899    -42.892    -42.885    -42.878    -42.873    -42.868    -42.865    -42.864    -42.864    -42.864    -42.865    -42.867    -42.868    -42.870    -42.871    -42.871    -42.872    -42.871    -42.871    -42.870    -42.870    -42.869    -42.869    -42.869    -42.869    -42.869    -42.870    -42.871    -42.872    -42.874    -42.876    -42.878    -42.880    -42.883    -42.886    -42.888    -42.890    -42.893    -42.895    -42.896    -42.898    -42.899    -42.899    -42.899    -42.899    -42.899    -42.898    -42.897    -42.896    -42.895    -42.893    -42.892    -42.892    -42.891    -42.891    -42.891    -42.891    -42.892    -42.892    -42.894    -42.895    -42.897    -42.899    -42.901    -42.903    -42.906    -42.908 
53 # 194   4   0   2 :    -44.406    -44.337    -44.339    -44.324    -44.377    -44.410    -44.400    -44.394    -44.406    -44.423    -44.438    -44.447    -44.453    -44.458    -44.465    -44.474    -44.483    -44.495    -44.510    -44.526    -44.540    -44.551    -44.557    -44.558    -44.555    -44.552    -44.550    -44.550    -44.552    -44.557    -44.563    -44.569    -44.575    -44.581    -44.586    -44.591    -44.597    -44.603    -44.611    -44.619    -44.629    -44.640    -44.652    -44.663    -44.675    -44.685    -44.696    -44.705    -44.713    -44.720    -44.727    -44.733    -44.738    -44.743    -44.748    -44.753    -44.758    -44.763    -44.769    -44.774    -44.780    -44.785    -44.790    -44.795    -44.800    -44.804    -44.808    -44.812    -44.815    -44.819    -44.822    -44.826    -44.830    -44.834    -44.838    -44.842    -44.847    -44.852    -44.856    -44.861    -44.866    -44.871    -44.876    -44.880    -44.885    -44.889    -44.893    -44.897    -44.901    -44.905    -44.910    -44.914    -44.918    -44.923    -44.928    -44.933    -44.939    -44.944    -44.950    -44.956    -44.963 
54 # 193   5   1   1 :    -52.645    -51.978    -51.592    -51.438    -51.243    -51.043    -50.889    -50.777    -50.689    -50.613    -50.545    -50.479    -50.415    -50.353    -50.293    -50.233    -50.174    -50.120    -50.071    -50.029    -49.992    -49.958    -49.927    -49.896    -49.867    -49.839    -49.813    -49.790    -49.768    -49.747    -49.726    -49.705    -49.684    -49.662    -49.640    -49.618    -49.598    -49.579    -49.563    -49.549    -49.536    -49.526    -49.517    -49.509    -49.502    -49.494    -49.485    -49.475    -49.464    -49.451    -49.437    -49.422    -49.406    -49.390    -49.374    -49.359    -49.345    -49.332    -49.320    -49.310    -49.300    -49.291    -49.282    -49.274    -49.266    -49.258    -49.251    -49.243    -49.235    -49.227    -49.220    -49.212    -49.204    -49.196    -49.189    -49.181    -49.174    -49.166    -49.159    -49.152    -49.145    -49.138    -49.132    -49.126    -49.120    -49.114    -49.108    -49.103    -49.098    -49.093    -49.088    -49.084    -49.079    -49.075    -49.071    -49.066    -49.062    -49.058    -49.054    -49.051    -49.047 
55 # 192   6   2   0 :    -48.150    -48.155    -48.125    -48.055    -48.078    -48.142    -48.167    -48.141    -48.111    -48.110    -48.131    -48.152    -48.160    -48.155    -48.143    -48.129    -48.119    -48.116    -48.120    -48.131    -48.146    -48.160    -48.171    -48.177    -48.178    -48.174    -48.167    -48.157    -48.145    -48.132    -48.120    -48.110    -48.103    -48.099    -48.098    -48.101    -48.107    -48.114    -48.124    -48.134    -48.145    -48.154    -48.162    -48.168    -48.172    -48.173    -48.172    -48.168    -48.164    -48.158    -48.153    -48.147    -48.143    -48.139    -48.136    -48.135    -48.134    -48.134    -48.135    -48.137    -48.139    -48.140    -48.142    -48.144    -48.145    -48.146    -48.146    -48.147    -48.147    -48.147    -48.147    -48.147    -48.146    -48.146    -48.146    -48.145    -48.144    -48.143    -48.142    -48.141    -48.139    -48.138    -48.136    -48.134    -48.133    -48.132    -48.131    -48.130    -48.130    -48.130    -48.130    -48.132    -48.134    -48.136    -48.139    -48.143    -48.148    -48.153    -48.159    -48.165    -48.173 
56 # 194   3   0   3 :    -45.159    -44.998    -44.947    -44.946    -44.993    -45.005    -45.023    -45.058    -45.102    -45.147    -45.179    -45.199    -45.215    -45.235    -45.258    -45.280    -45.297    -45.305    -45.306    -45.302    -45.297    -45.294    -45.296    -45.305    -45.319    -45.338    -45.362    -45.390    -45.418    -45.446    -45.471    -45.492    -45.509    -45.521    -45.528    -45.532    -45.534    -45.535    -45.537    -45.538    -45.541    -45.546    -45.552    -45.560    -45.570    -45.581    -45.594    -45.608    -45.623    -45.640    -45.657    -45.675    -45.693    -45.712    -45.731    -45.749    -45.766    -45.782    -45.797    -45.810    -45.822    -45.833    -45.843    -45.852    -45.860    -45.867    -45.874    -45.881    -45.888    -45.895    -45.902    -45.909    -45.916    -45.923    -45.930    -45.937    -45.944    -45.952    -45.959    -45.966    -45.974    -45.981    -45.989    -45.997    -46.005    -46.014    -46.023    -46.032    -46.041    -46.051    -46.061    -46.072    -46.083    -46.094    -46.105    -46.116    -46.128    -46.139    -46.151    -46.162    -46.174 
57 # 193   4   1   2 :    -53.984    -53.206    -52.822    -52.450    -52.285    -52.202    -52.066    -51.920    -51.816    -51.757    -51.719    -51.684    -51.646    -51.608    -51.570    -51.536    -51.506    -51.478    -51.452    -51.425    -51.395    -51.361    -51.326    -51.290    -51.257    -51.228    -51.203    -51.182    -51.164    -51.148    -51.135    -51.122    -51.111    -51.100    -51.090    -51.081    -51.074    -51.067    -51.063    -51.059    -51.057    -51.056    -51.054    -51.053    -51.050    -51.047    -51.043    -51.038    -51.032    -51.026    -51.019    -51.012    -51.005    -50.998    -50.990    -50.983    -50.975    -50.967    -50.958    -50.950    -50.942    -50.934    -50.927    -50.920    -50.915    -50.910    -50.906    -50.904    -50.902    -50.901    -50.901    -50.901    -50.902    -50.902    -50.903    -50.904    -50.905    -50.905    -50.906    -50.907    -50.907    -50.908    -50.909    -50.910    -50.911    -50.913    -50.915    -50.917    -50.919    -50.921    -50.923    -50.926    -50.928    -50.930    -50.932    -50.934    -50.936    -50.937    -50.938    -50.939    -50.939 
